dem.asc
ncols         220
nrows         270
xllcorner     -116
yllcorner     30.5
cellsize      0.05
NODATA_value  -9999
[rows 0 to 37 of 270, columns 0 to 84 of 220]
1832 1583 1517 1558 1580 1953 2195 1911 1681 1722 1855 1826 2116 2369 2132 2234 2268 2628 2860 2449 2661 2567 2255 2125 2131 2544 2802 2488 2488 2488 2310 2582 2639 2933 2835 2912 2617 2789 2239 2366 2180 2162 2122 2075 1895 1885 1952 2085 3028 2367 3071 2180 2320 3013 2297 2018 1646 1640 1745 1918 2867 3056 1893 1681 1608 1590 1539 1483 1463 1463 1463 1476 1483 1552 1481 1463 1480 1494 1520 1569 1588 1545 1524 1574 1500
1624 1351 1341 1453 1825 1712 2437 1881 1584 1794 1768 1706 2195 1878 1878 2120 2120 2371 2831 2744 2685 2683 2623 2305 2261 2227 2628 2500 2885 2702 2805 2801 2677 2967 2889 2548 2548 2430 2239 2515 2452 2629 2738 2367 2115 1968 2407 2029 1890 1986 2459 2465 1929 2547 2611 2195 1677 1607 1716 1836 2398 2922 2012 1678 1582 1509 1486 1470 1463 1463 1463 1463 1482 1478 1463 1463 1463 1485 1487 1492 1493 1493 1493 1490 1487
1662 1343 1340 1340 1584 1417 1585 1811 2071 1582 1765 1706 1926 1796 2545 2438 2518 2044 2308 2790 2072 2635 2743 2616 2323 2255 2704 2329 2890 2505 3204 3105 3353 3056 2711 3012 2778 2239 2341 2450 2468 2452 2467 2726 2779 2814 2550 2055 1798 1798 1757 1757 1831 2680 3071 2052 1731 1622 1540 1604 1604 2102 1583 2032 1594 1507 1478 1471 1468 1465 1463 1463 1463 1463 1463 1463 1487 1489 1483 1503 1515 1498 1475 1472 1475
1671 1480 1277 1462 1340 1340 1707 1768 1752 1746 1522 1707 2032 1796 1796 1796 1796 1977 2417 2060 2437 2417 2805 2664 2300 2399 2749 2329 2383 3227 2726 2725 2493 3012 2450 2498 2917 2996 2389 2423 2944 2452 2452 2452 2452 2587 3078 2501 2034 2029 2014 1798 1725 1757 1886 2234 2134 1738 1610 1526 1493 1496 1492 1653 1518 1480 1463 1463 1484 1463 1463 1463 1463 1463 1463 1479 1509 1477 1480 1508 1493 1477 1472 1475 1475
1397 1341 1263 1529 1484 1448 1830 1807 1506 1611 1522 1589 1796 1796 2202 1978 2135 1800 2060 2675 2203 2382 2263 2829 2603 2703 2865 2329 2430 2430 2110 2110 2110 2477 2132 2121 2278 3156 2999 2509 3448 2862 2452 2497 2452 2560 2140 2388 2621 2754 2256 1825 1903 1697 1878 3170 2128 1794 2560 1708 1547 1473 1463 1463 1463 1463 1463 1463 1463 1463 1463 1477 1463 1463 1463 1468 1472 1463 1463 1462 1464 1473 1470 1475 1492
1365 1263 1263 1522 1673 2044 1596 1506 1627 1506 2077 1828 1870 2024 2024 1771 1987 2275 2071 2227 2772 2412 2098 2322 2748 2659 2329 2855 2366 2296 2297 2380 2274 1882 2076 2161 2355 2941 2876 2993 2432 2589 2452 3132 3109 2499 2091 2048 2235 1991 1936 2498 2073 1679 1783 1861 1982 2155 2383 1768 1491 1472 1470 1469 1470 1473 1465 1463 1489 1485 1485 1492 1519 1499 1487 1472 1463 1461 1455 1463 1463 1469 1475 1482 1492
1349 1263 1263 1524 1343 1854 1506 1508 1513 1788 1982 1965 2110 2090 1841 1647 1820 2303 2529 2090 2681 2599 2098 2160 2265 2329 2785 2688 2489 2749 2358 2199 1849 1829 2216 2163 2390 2561 2432 2807 2290 2499 2884 3279 2920 2369 2134 1982 1982 1994 2014 2099 1765 1640 2072 1707 1803 2133 2438 1524 1515 1483 1477 1478 1485 1480 1499 1530 1535 1526 1524 1516 1580 1541 1525 1498 1478 1464 1461 1455 1466 1463 1473 1480 1492
1369 1419 1263 1640 1175 1086 1401 1784 1754 2145 2070 2518 2618 1832 1675 1647 1779 1779 1779 2066 2431 2136 2098 2098 2237 2194 2503 2670 2194 2380 2199 2320 2503 1764 1839 2289 2129 2684 2430 2020 2195 2148 2692 2777 2453 2194 2193 2134 1982 2192 2192 1773 1663 1648 1640 1806 1941 1700 1629 1585 1539 1514 1489 1491 1493 1509 1523 1524 1564 1585 1585 1596 1585 1552 1524 1506 1528 1524 1473 1455 1459 1463 1475 1489 1501
1097 1067 1067 1067 1067 1355 1345 1463 1697 1952 1938 2316 2682 2102 1811 1594 1796 1987 1779 1779 2133 2098 2098 2098 2135 2098 2571 2456 2194 2444 2444 2230 2110 2172 1764 1937 2162 2194 1884 1915 1935 2342 2221 2249 2367 2414 2316 2134 2073 1828 1889 1692 1646 1646 1630 1615 1615 1626 1602 1572 1555 1509 1494 1503 1512 1520 1544 1577 1605 1643 1602 1585 1585 1603 1549 1505 1523 1503 1473 1463 1455 1463 1475 1492 1541
945 1417 1281 1181 1213 1402 1282 1321 1585 1586 1909 1742 1742 1830 2138 1594 1846 1888 1889 2141 2747 2431 2254 2416 2098 2189 2098 2143 2121 2496 2197 2027 2027 2012 1764 1909 2480 2083 1919 1712 1731 1794 1993 1959 2072 2042 2093 2449 1979 1786 1707 1648 1648 1646 1637 1634 1589 1561 1548 1537 1525 1515 1502 1494 1524 1584 1599 1601 1635 1632 1595 1585 1566 1531 1530 1494 1510 1472 1456 1436 1455 1459 1543 1665 1704
1097 1163 1280 1434 1399 1220 1409 1282 1386 1450 1524 1828 1692 1630 1594 1767 1953 2002 1768 1910 2194 2561 2250 2109 1844 2262 2158 2257 1845 2192 2408 2370 2194 1764 1831 1766 2072 2255 1861 1680 1771 1747 1795 1903 1750 1951 2159 2241 2234 1779 1719 1707 1658 1651 1653 1654 1646 1561 1542 1542 1535 1524 1513 1517 1547 1643 1639 1748 1637 1582 1583 1608 1553 1526 1511 1463 1450 1433 1435 1433 1445 1455 1572 1707 1699
1102 1162 1158 1217 1445 1469 1424 1580 1282 1470 1861 2042 1594 1583 1481 1536 1735 1646 1816 1804 1889 1813 1821 1820 1708 1866 1883 1906 1778 1773 1829 1743 1763 1734 1758 1580 1655 1923 2014 1680 1688 1804 1836 1803 1651 2092 1885 1866 1767 1789 1722 1707 1685 1664 1632 1682 1644 1577 1542 1555 1543 1524 1524 1525 1525 1552 1533 1517 1533 1509 1543 1547 1533 1495 1482 1475 1450 1433 1421 1419 1425 1442 1522 1757 1800
1033 1075 1040 1097 1280 1338 1411 1584 1408 1368 1527 1573 1524 1481 1627 1734 1646 1768 1889 1768 1607 1676 1580 1554 1557 1568 1678 1642 1581 1575 1822 1743 1586 1820 1611 1524 1524 1523 1819 2039 1680 1585 1835 1855 1585 1707 1576 1614 1692 1728 1737 1706 1655 1642 1615 1608 1682 1638 1554 1569 1625 1558 1623 1540 1532 1505 1498 1485 1489 1463 1454 1468 1469 1458 1451 1458 1436 1402 1411 1416 1439 1474 1646 1828 1829
973 993 1023 1036 1136 1111 1271 1577 1527 1373 1402 1481 1481 1523 1585 1692 1648 1646 1648 1589 1581 1554 1554 1554 1554 1547 1526 1526 1526 1525 1522 1514 1494 1524 1524 1524 1524 1507 1485 1512 1524 1501 1482 1486 1482 1504 1542 1604 1640 1650 1646 1636 1636 1615 1599 1585 1585 1585 1564 1585 1622 1588 1544 1527 1513 1490 1465 1459 1435 1428 1421 1433 1437 1424 1402 1404 1402 1402 1407 1432 1529 1788 1833 2041 1866
959 963 972 977 996 1030 1083 1187 1341 1524 1573 1578 1752 1761 1707 1646 1585 1554 1554 1554 1554 1554 1633 1554 1539 1538 1526 1526 1550 1557 1574 1550 1480 1478 1632 1524 1586 1885 1612 1480 1521 1462 1459 1464 1463 1481 1511 1541 1579 1592 1597 1601 1611 1590 1568 1565 1578 1584 1585 1586 1651 1583 1540 1500 1473 1433 1420 1413 1408 1402 1402 1396 1390 1388 1388 1388 1389 1402 1425 1463 1632 1829 1939 2165 1902
953 945 945 986 976 1036 1096 1092 1153 1518 1499 1585 1836 1960 1803 1781 1768 1769 1828 1653 1798 1592 1840 1642 1554 1645 1765 1579 1703 1768 1757 1698 1517 1453 1481 1474 1465 1453 1550 1427 1432 1443 1462 1463 1463 1456 1515 1527 1521 1531 1551 1526 1547 1555 1534 1524 1554 1585 1585 1585 1562 1532 1515 1461 1429 1406 1403 1400 1385 1370 1378 1373 1376 1375 1376 1380 1398 1463 1624 1632 1599 1915 2195 2134 1951
956 945 945 975 976 975 991 1024 1087 1217 1158 1332 1660 1896 1827 1678 1649 1768 1721 1770 1628 1780 1708 1714 1782 1580 1707 1647 1648 1755 1707 1554 1508 1432 1427 1437 1423 1402 1392 1404 1431 1433 1433 1432 1464 1433 1431 1484 1479 1417 1472 1486 1500 1521 1498 1512 1536 1581 1612 1589 1563 1498 1483 1453 1434 1402 1391 1372 1369 1364 1362 1362 1363 1373 1374 1379 1395 1461 1694 1721 1765 1658 1818 1950 2012
944 945 973 974 985 985 967 969 1015 1031 1036 1047 1158 1154 1237 1355 1498 1558 1432 1478 1555 1573 1465 1499 1399 1473 1564 1584 1580 1437 1399 1495 1464 1438 1402 1381 1432 1429 1397 1371 1371 1409 1403 1433 1446 1433 1392 1384 1393 1401 1436 1463 1463 1475 1472 1499 1529 1583 1587 1582 1524 1477 1451 1425 1407 1372 1371 1357 1357 1357 1357 1357 1371 1406 1493 1585 1463 1463 1581 1890 1852 1768 1766 1933 1933
914 914 924 937 953 962 942 942 957 974 1004 980 1006 1068 1096 1214 1101 1158 1208 1328 1374 1340 1226 1248 1269 1281 1310 1230 1232 1224 1307 1374 1449 1344 1370 1347 1393 1408 1336 1341 1367 1382 1393 1399 1402 1391 1368 1371 1362 1370 1385 1432 1463 1469 1476 1488 1508 1524 1555 1560 1503 1463 1406 1387 1366 1358 1357 1357 1357 1357 1357 1357 1380 1463 1554 1496 1780 1829 1643 1932 1865 1829 1809 1943 1950
885 888 910 913 938 938 942 933 944 940 948 946 952 1011 1008 914 914 975 1018 1094 974 1036 1097 1185 1168 1097 1158 1173 1158 1194 1219 1234 1279 1303 1294 1307 1306 1310 1325 1328 1355 1368 1363 1373 1398 1372 1349 1349 1341 1366 1394 1421 1445 1462 1463 1493 1529 1608 1585 1526 1463 1412 1399 1360 1357 1357 1357 1357 1357 1357 1357 1358 1384 1445 1461 1496 1686 1707 1786 1930 1712 1826 1809 1810 1938
853 853 856 858 866 926 925 887 914 901 853 925 913 914 914 914 914 914 934 941 1080 1036 1043 1068 1074 1089 1112 1132 1127 1160 1174 1188 1232 1249 1260 1278 1285 1300 1310 1320 1325 1340 1340 1364 1365 1344 1332 1332 1340 1362 1382 1407 1429 1455 1462 1490 1556 1581 1525 1513 1453 1396 1358 1357 1357 1357 1357 1357 1357 1357 1371 1388 1495 1643 1513 1524 1749 2072 2026 1923 1697 1949 1830 1948 1896
853 853 853 853 853 853 853 853 853 853 853 853 853 920 914 914 914 914 914 924 962 962 991 1024 1036 1062 1097 1096 1108 1131 1154 1177 1220 1218 1249 1313 1309 1302 1277 1279 1281 1305 1340 1340 1341 1330 1335 1334 1332 1366 1340 1363 1397 1417 1443 1501 1523 1529 1482 1463 1464 1438 1386 1357 1357 1357 1357 1357 1357 1357 1357 1381 1401 1585 1767 1765 1706 1903 2316 2227 1806 1678 2010 1950 2051
870 853 853 853 853 853 853 853 915 853 865 853 914 917 914 914 914 914 914 975 994 993 962 1005 1016 1049 1080 1096 1122 1139 1184 1218 1248 1218 1218 1217 1249 1250 1279 1294 1279 1349 1340 1340 1340 1330 1340 1339 1334 1341 1336 1356 1401 1416 1469 1523 1579 1490 1459 1427 1400 1402 1362 1357 1357 1357 1357 1357 1357 1409 1456 1363 1443 1683 1765 1792 1718 2220 2121 1829 1828 1678 1697 1767 2087
901 853 853 853 853 853 918 975 968 901 853 914 914 914 914 914 914 975 982 1031 1036 1034 962 994 1032 1052 1077 1093 1103 1136 1183 1195 1210 1200 1214 1243 1251 1256 1279 1310 1310 1341 1340 1340 1340 1330 1340 1318 1313 1328 1340 1340 1365 1396 1456 1481 1493 1405 1420 1405 1392 1362 1357 1357 1357 1357 1371 1360 1380 1589 1889 1657 1389 1760 1757 1632 1611 1933 2022 1950 1737 1678 1678 1678 1828
914 856 900 853 856 894 867 1036 1010 985 1036 914 914 931 918 1021 975 980 992 1036 1047 962 962 991 1012 1036 1036 1066 1091 1127 1169 1187 1197 1199 1218 1257 1282 1279 1313 1311 1310 1359 1365 1342 1299 1320 1321 1305 1294 1313 1320 1328 1341 1375 1389 1392 1393 1384 1380 1380 1408 1357 1357 1357 1401 1393 1402 1524 1472 1744 2083 1861 1461 1828 1658 1611 1611 2166 2183 1960 1678 1678 1678 1678 1896
1094 1004 942 1036 983 990 975 961 1091 1114 1098 1037 1016 1011 977 947 975 975 1002 1059 1057 1072 964 962 962 997 1017 1035 1060 1081 1127 1187 1249 1218 1208 1218 1248 1240 1292 1348 1320 1303 1350 1351 1312 1292 1286 1280 1282 1280 1292 1305 1291 1302 1319 1340 1348 1362 1341 1349 1365 1357 1357 1399 1589 1709 1711 1467 1467 1677 1921 1828 1736 1923 1919 1611 1611 1950 2158 1784 1678 1681 1678 1678 1689
1252 1219 1098 1050 1036 1036 1097 1097 1160 1173 1152 1189 1158 1219 1190 995 1038 1074 1034 1096 1097 1091 1061 962 962 982 999 1017 1052 1083 1122 1177 1223 1158 1188 1217 1215 1236 1251 1280 1277 1277 1317 1318 1279 1280 1279 1279 1279 1279 1279 1280 1280 1280 1298 1320 1301 1340 1338 1338 1357 1357 1422 1475 1668 1767 1712 1562 1567 1566 1584 1759 1881 1946 2270 1767 1611 1611 1932 2235 1695 1828 1981 1678 1678
1358 1314 1280 1230 1219 1155 1128 1159 1189 1250 1341 1241 1188 1216 1188 1209 1188 1097 1077 1085 1138 1157 1098 1045 975 1113 1093 1036 1038 1072 1105 1103 1127 1149 1179 1193 1217 1220 1230 1251 1249 1279 1279 1279 1279 1279 1279 1279 1279 1279 1286 1298 1285 1281 1284 1284 1284 1338 1338 1338 1397 1413 1401 1504 1644 2011 1840 1707 1585 1595 1604 1706 1868 1906 2572 1640 1611 1611 1704 1674 1674 1768 2072 1696 1678
1366 1463 1432 1356 1280 1216 1165 1219 1163 1250 1249 1254 1249 1261 1280 1190 1249 1219 1194 1213 1132 1157 1129 1131 1148 1168 1156 1114 1142 1116 1101 1115 1103 1158 1168 1253 1218 1249 1245 1249 1273 1280 1282 1279 1279 1279 1279 1279 1279 1283 1319 1374 1346 1330 1303 1288 1341 1367 1401 1516 1519 1645 1409 1459 1527 1914 2255 1908 1585 1626 1585 1744 1773 1767 2133 1611 1611 1611 1674 1850 1674 1952 1909 1742 1666
1591 1483 1524 1463 1428 1378 1341 1282 1247 1220 1259 1280 1281 1272 1287 1321 1369 1311 1267 1312 1220 1188 1180 1188 1169 1189 1228 1231 1217 1195 1175 1144 1161 1188 1198 1221 1253 1249 1264 1278 1276 1276 1281 1279 1279 1279 1279 1279 1279 1325 1443 1377 1353 1339 1316 1326 1383 1440 1524 1720 1623 1582 1519 1465 1575 2081 2194 1844 1612 1585 1755 1974 1950 1645 1616 1611 1611 1611 1722 2011 1888 2332 2236 1866 1645
1674 1529 1515 1502 1493 1415 1371 1343 1286 1307 1341 1323 1310 1327 1365 1402 1382 1341 1273 1312 1280 1253 1215 1188 1243 1259 1280 1296 1268 1257 1280 1250 1219 1207 1218 1260 1306 1251 1249 1280 1299 1326 1342 1291 1284 1280 1279 1298 1325 1645 1403 1675 1368 1342 1319 1320 1343 1473 1486 1674 1903 1910 1649 1600 1468 1610 1950 2007 2026 1585 1855 1771 1851 1728 1821 1611 1611 1611 1611 1869 2011 2126 2214 1724 1645
1705 1585 1586 1502 1463 1463 1371 1444 1340 1402 1421 1388 1386 1402 1375 1421 1453 1415 1374 1317 1313 1314 1329 1305 1299 1297 1328 1364 1351 1310 1337 1332 1280 1262 1280 1275 1277 1275 1280 1323 1331 1331 1332 1300 1294 1308 1331 1332 1519 1573 1403 1645 1354 1329 1329 1340 1373 1523 1645 1792 1828 2133 1785 1620 1529 1645 2133 2133 1879 1585 1631 1800 1720 1875 1927 1889 1611 1611 1611 1611 1949 2067 1922 1995 1991
1768 1635 1565 1524 1493 1419 1463 1437 1405 1402 1481 1495 1527 1398 1407 1463 1487 1460 1424 1361 1375 1402 1392 1372 1297 1340 1397 1394 1401 1356 1340 1371 1462 1522 1340 1402 1361 1710 1528 1345 1334 1334 1324 1322 1325 1320 1376 1608 1634 1585 1600 1867 1392 1331 1365 1401 1431 1533 1781 1768 1971 1826 1889 1624 1583 1675 2282 1838 1666 1620 1950 1645 1709 1836 2377 2072 1611 1611 1611 1611 1634 1828 1892 2072 2241
1823 1709 1625 1586 1554 1501 1524 1493 1494 1489 1479 1494 1494 1550 1505 1463 1463 1515 1524 1493 1456 1454 1436 1422 1465 1454 1401 1402 1401 1413 1392 1520 1523 1706 1534 1706 1773 1917 1629 1411 1384 1353 1345 1334 1339 1400 2194 2469 2255 1922 1754 2038 1430 1355 1382 1406 1445 1521 1645 1637 1706 1828 1749 1600 1652 1767 2109 1776 1627 1642 1950 1611 1675 2029 2256 1912 1739 1865 2039 1714 1611 1621 1951 1834 1976
1798 1768 1660 1592 1580 1525 1556 1524 1489 1519 1493 1525 1528 1565 1582 1479 1571 1585 1585 1560 1504 1531 1603 1561 1523 1538 1523 1492 1432 1447 1523 1702 1767 1908 1902 1840 1804 2009 2143 1809 1543 1417 1379 1365 1462 1514 1765 2265 2194 2306 1532 1526 1463 1399 1368 1402 1501 1526 1604 1934 1892 1929 1833 1719 1716 1673 1828 1676 1652 2082 1819 1645 1611 1754 2063 1699 1611 1889 2345 1611 1611 1611 1635 1611 1645
1786 1710 1722 1598 1587 1554 1555 1564 1554 1524 1524 1574 1585 1609 1620 1617 1585 1628 1652 1615 1676 1673 1630 1584 1584 1561 1524 1523 1478 1463 1508 1679 1882 1881 2062 1804 1980 2246 2073 1861 1878 1484 1401 1433 1523 1574 1860 1889 1894 1622 1834 1828 1505 1401 1399 1418 1504 1743 1588 1612 1706 1752 1899 2011 1831 1706 1611 1611 1611 1611 1816 1889 1611 1611 1611 1611 1611 1767 2526 1680 1611 1611 1611 1611 1767
1798 1768 1797 1649 1612 1554 1554 1675 1650 1608 1564 1620 1647 1654 1669 1647 1615 1667 1764 1707 1723 1665 1624 1701 1702 1524 1523 1523 1519 1732 1623 1751 1767 1859 2161 2041 2247 2194 2239 2076 1767 1472 1463 1542 1580 2067 2438 2788 2117 1706 2072 2022 1585 1458 1418 1462 1593 2011 2255 1800 1645 1645 1896 1753 1738 1611 1767 1611 1611 1611 1643 1767 1822 1611 1611 1611 1611 1738 1706 2119 1707 1611 1611 1611 1611
1950 1863 1768 1768 1662 1571 1644 1585 1708 1677 1646 1647 1674 1661 1673 1652 1624 1646 1713 1766 1747 1807 1913 1979 1983 1645 1530 1628 1768 1827 1764 1766 1767 1889 2194 2182 2270 1923 1902 1902 1646 1533 1593 2240 1792 2274 2117 1856 1753 1713 2072 1743 1570 1458 1443 1529 1692 1947 2438 1828 1668 1611 1611 1828 1722 1611 1611 1611 1611 1889 1613 1646 1737 1611 1611 1611 1611 1828 1767 2438 1614 1611 1611 1611 1611
