dem.asc
ncols         220
nrows         270
xllcorner     -116
yllcorner     30.5
cellsize      0.05
NODATA_value  -9999
[rows 190 to 227 of 270, columns 0 to 84 of 220]
548 491 547 283 283 283 283 283 283 283 283 288 803 398 509 639 1074 1026 868 588 470 433 487 516 469 426 426 408 430 427 366 243 21 21 355 512 546 580 691 608 705 598 632 683 741 855 730 609 609 629 1014 769 866 914 1036 979 893 1014 784 732 971 1267 1112 1118 1158 1401 1306 1459 1623 1854 1831 1828 1938 1896 1640 1459 1402 1403 1341 1337 1366 1524 1741 1507 981
607 487 473 307 283 283 283 283 283 303 283 283 283 347 387 526 737 887 669 470 381 441 539 583 609 478 416 365 365 304 272 251 191 21 21 21 406 546 594 497 487 653 670 609 787 792 719 687 609 630 735 1158 1090 1036 990 854 856 765 731 913 1002 1402 1219 1278 1298 1219 1280 1341 1462 1708 1597 1815 2052 2084 1600 1438 1296 1311 1263 1194 1260 1448 1768 1294 981
730 568 608 605 643 739 310 283 491 283 283 283 283 283 283 473 947 609 453 387 346 403 671 833 871 574 427 407 384 368 334 334 398 304 323 21 21 183 537 641 441 547 548 542 628 853 860 894 666 482 594 731 970 1157 978 914 692 773 730 943 1216 1174 1179 1280 1341 1351 1280 1334 1402 1387 1633 1698 1963 1840 1786 1402 1341 1212 1157 1158 1218 1341 1522 1768 1694
899 731 775 853 797 668 438 289 283 297 283 283 283 283 354 283 734 503 332 305 306 425 670 881 975 612 472 426 426 426 548 606 626 729 421 507 21 21 275 486 398 351 391 483 530 651 668 564 606 530 450 450 487 566 554 553 586 670 853 912 1009 1065 1122 1389 1860 1581 1358 1280 1390 1277 1299 1564 1820 1718 1434 1402 1219 1214 1106 1160 1219 1280 1361 1686 1889
671 603 585 975 853 707 512 388 305 414 291 283 283 283 283 283 283 351 283 283 283 470 712 750 971 687 487 414 415 428 523 528 909 651 610 606 21 21 156 299 299 299 317 365 426 632 757 697 486 450 450 450 450 450 522 731 835 791 818 914 1056 976 1006 1341 1527 1408 1402 1506 1384 1225 1219 1402 1552 1652 1646 1332 1041 1219 1093 1036 1197 1280 1393 1662 1571
625 575 575 575 731 830 852 777 522 541 703 403 283 283 283 366 283 283 283 283 284 406 509 662 1044 630 548 350 334 358 382 419 359 366 426 21 21 243 306 487 336 356 395 317 317 317 336 384 450 450 450 450 520 576 647 666 721 847 853 853 914 1072 1148 1036 1519 1463 1645 1690 1280 1138 1099 1451 1961 2136 1680 1205 974 1019 1035 1097 1212 1248 1465 1343 1109
575 575 575 575 575 575 575 914 585 627 779 773 402 283 283 548 666 290 283 283 283 325 426 608 812 487 390 363 312 303 243 245 245 21 21 21 241 366 425 426 548 486 590 484 345 415 365 405 670 726 609 548 578 599 609 670 719 757 853 897 930 1030 958 967 975 1300 1432 1517 1280 1099 1158 1330 1522 1829 1990 1700 1106 815 1036 1114 1229 1440 1707 1064 1008
641 575 575 575 575 575 575 575 609 579 666 670 487 345 283 283 771 425 283 283 283 283 291 503 448 389 345 304 270 243 203 21 21 21 119 139 183 221 304 342 429 480 485 487 544 487 548 548 747 623 645 654 626 609 782 695 724 751 790 831 853 853 880 909 914 929 909 1141 1037 1341 1220 1449 1361 1463 1693 1646 943 756 877 975 1112 1208 1408 1149 1166
814 924 654 576 575 575 575 609 607 548 791 755 586 553 304 295 416 331 283 283 283 327 304 273 299 316 328 587 329 270 202 21 106 107 117 152 235 293 304 338 383 407 460 484 667 731 669 538 590 601 672 708 918 1323 1036 744 731 731 789 766 790 853 831 798 775 792 853 800 977 1152 1123 1083 1040 1221 1036 1066 855 671 671 722 1156 1524 1572 1139 1093
1128 1089 1053 792 586 605 903 758 701 633 476 658 1090 605 377 320 468 548 412 362 364 463 345 273 273 273 329 551 376 284 21 21 96 96 195 186 243 285 304 302 317 384 422 468 605 480 482 497 582 625 1021 1239 939 902 820 743 672 707 787 736 791 784 749 746 736 791 735 853 991 1153 1097 811 982 795 792 957 671 671 833 1141 1519 1151 1218 1232 1146
1205 1086 1006 853 842 800 610 487 427 390 372 420 372 802 428 293 368 421 610 898 376 366 301 273 273 273 273 273 244 21 21 94 97 103 197 186 223 242 267 267 304 354 408 458 451 491 483 527 586 1274 1394 913 695 652 638 640 645 666 699 698 705 743 781 731 714 670 670 792 914 1133 1245 914 732 811 655 671 713 671 786 853 917 1039 1218 1146 1218
976 732 662 662 747 792 488 457 416 366 352 444 372 487 548 241 229 299 435 637 411 468 305 273 273 289 304 309 336 21 21 97 101 116 249 290 269 290 335 305 289 349 399 424 447 474 555 668 1114 871 777 668 620 633 634 634 644 670 689 726 767 789 821 861 899 731 647 731 767 829 973 947 855 658 548 585 703 789 671 855 1022 831 1340 1193 1157
1161 1219 723 662 662 615 579 557 587 731 670 337 291 352 670 233 183 237 331 548 365 339 639 413 304 613 362 543 359 21 114 94 114 183 276 272 268 290 487 335 308 318 364 395 419 625 655 874 857 698 608 605 629 644 657 770 791 731 690 751 841 792 830 970 819 847 654 609 670 732 839 796 739 639 547 550 783 609 610 607 883 779 965 1411 975
1105 1036 792 975 816 725 669 731 869 975 794 304 231 221 365 243 183 183 365 699 363 282 273 314 374 294 365 621 346 21 91 91 199 310 275 261 272 308 362 366 333 334 335 359 397 487 719 631 598 578 578 597 633 900 1417 860 733 699 679 670 737 706 731 735 635 622 664 601 612 656 586 609 609 661 489 583 509 548 548 594 618 676 783 903 905
1168 914 1036 1007 944 856 853 975 792 792 670 423 211 183 183 183 183 183 365 528 237 239 408 267 239 200 210 431 366 21 85 90 112 201 221 231 266 303 354 549 596 335 335 351 391 454 554 639 573 573 592 975 992 893 1142 671 675 701 721 671 665 630 574 577 573 575 581 541 549 534 529 520 546 609 483 426 486 506 545 572 548 604 772 840 877
792 1131 1106 1073 850 1121 1402 1036 573 825 581 320 250 259 183 183 183 183 304 255 265 198 559 339 198 172 168 176 182 21 21 88 165 204 366 238 267 305 579 487 488 411 341 360 385 418 470 602 598 609 546 660 582 672 559 550 731 764 792 701 731 617 557 532 519 535 487 497 539 513 484 443 440 488 426 423 442 487 486 538 504 569 654 735 762
414 642 462 544 605 823 723 477 427 427 389 914 670 609 305 224 170 152 152 152 152 152 157 734 216 155 129 123 91 21 82 143 240 331 379 294 274 348 422 575 479 446 570 365 365 411 486 486 607 636 548 506 483 488 507 545 609 619 671 750 732 610 549 498 458 462 462 491 520 501 487 425 417 405 390 386 391 415 477 488 489 484 510 585 1005
136 288 474 428 502 622 608 670 641 792 603 691 671 853 731 364 271 152 152 152 152 152 152 177 175 146 117 98 85 21 81 183 339 366 367 311 302 305 672 548 575 508 426 426 366 365 389 443 487 478 469 465 466 467 478 489 479 594 609 582 573 548 513 588 457 433 457 520 604 669 661 438 392 365 363 365 377 393 409 484 445 453 464 499 874
35 174 243 244 853 838 609 670 487 486 548 641 914 894 727 474 345 240 214 152 152 152 152 152 152 137 98 80 79 21 99 134 233 500 365 308 323 347 603 670 986 608 538 522 409 403 389 420 422 426 427 453 433 437 426 420 424 424 564 484 426 417 417 426 456 407 375 532 837 902 521 388 364 353 347 349 367 368 379 459 426 425 433 426 473
-9999 -9999 3 54 231 487 287 365 479 544 573 652 675 853 732 577 431 328 251 202 152 179 173 173 228 121 87 79 21 21 122 192 265 306 365 335 365 415 482 548 671 619 610 548 484 432 420 399 422 426 426 429 469 426 426 402 400 366 421 426 418 371 372 361 366 365 370 421 577 733 553 361 341 337 315 328 327 348 363 366 368 423 392 405 423
-9999 -9999 -9999 -9999 -9999 4 84 365 668 732 690 671 690 730 792 652 526 378 303 366 336 366 183 213 161 102 80 21 21 150 183 242 304 625 395 366 377 429 521 549 593 656 609 545 511 487 440 411 423 426 487 607 797 446 426 415 366 365 365 398 407 365 357 345 351 335 345 364 426 484 379 340 306 304 304 313 318 328 349 352 347 21 21 21 21
-9999 -9999 -9999 -9999 0 -9999 17 40 285 559 671 670 497 639 721 662 610 465 427 366 292 251 242 162 122 21 21 21 82 137 209 252 380 426 366 366 371 489 548 615 671 731 796 731 549 512 479 443 443 426 486 525 579 548 548 449 390 365 366 633 409 366 362 317 304 305 319 343 364 363 305 21 21 21 21 21 21 21 21 21 21 21 364 365 391
-9999 -9999 -9999 -9999 -9999 -9999 -9999 -9999 78 211 131 295 381 547 598 581 523 479 376 369 299 287 244 244 183 21 76 76 122 166 244 306 329 365 427 415 420 466 678 924 975 914 839 782 734 659 628 548 537 487 503 429 471 585 580 445 401 375 365 404 378 365 305 302 302 300 300 307 21 21 21 21 303 21 21 21 304 311 335 343 426 365 364 365 385
-9999 -9999 -9999 -9999 -9999 -9999 -9999 -9999 -9999 -9999 53 114 304 365 548 501 486 427 366 302 267 240 224 214 296 21 76 118 207 304 305 306 366 426 426 426 444 562 548 614 982 859 792 731 614 581 488 621 549 405 370 386 422 448 449 486 416 388 366 349 304 291 283 282 287 21 21 21 21 303 303 314 321 785 317 21 21 358 426 528 401 366 362 365 379
18 -9999 -9999 -9999 -9999 -9999 -9999 -9999 -9999 -9999 15 59 70 171 427 425 426 410 371 353 297 259 221 182 158 21 21 76 244 606 366 427 408 437 487 463 721 549 488 524 583 794 827 609 582 549 488 429 377 354 426 365 365 415 454 488 438 425 425 352 335 290 272 257 21 21 479 304 304 365 304 304 359 365 424 426 21 21 362 413 375 359 361 368 378
28 -9999 -9999 -9999 -9999 -9999 -9999 -9999 -9999 -9999 -9999 -9999 50 111 182 522 487 481 433 367 367 334 245 213 237 182 21 76 162 347 402 455 366 488 400 427 512 479 451 450 393 413 670 604 547 487 427 396 368 329 295 303 312 430 365 426 371 431 361 333 344 390 361 291 21 21 366 274 290 354 334 320 333 357 390 1073 485 21 21 21 344 361 360 365 378
43 28 7 -9999 -9999 -9999 -9999 -9999 -9999 -9999 -9999 -9999 29 52 113 188 365 572 426 487 429 376 361 305 270 183 21 136 243 285 297 365 323 304 347 376 792 484 439 382 361 357 379 345 486 488 426 366 340 305 276 278 281 304 280 290 304 324 283 236 267 304 363 323 305 21 21 264 349 364 365 378 352 355 377 412 458 347 338 21 21 21 21 21 381
11 30 -9999 -9999 -9999 -9999 -9999 -9999 -9999 -9999 -9999 -9999 -9999 34 102 119 130 187 304 548 548 427 366 365 305 21 21 183 270 284 313 244 239 287 305 365 461 610 487 404 357 304 289 281 301 365 401 369 299 274 275 252 241 242 249 273 307 281 203 219 250 386 345 290 365 334 21 257 488 365 431 396 370 365 369 392 629 979 338 346 344 358 358 21 21
-9999 -9999 -9999 -9999 -9999 -9999 -9999 -9999 -9999 -9999 -9999 -9999 -9999 9 45 91 91 109 166 165 273 365 329 365 369 21 21 182 221 240 183 226 177 262 300 341 426 556 610 646 351 302 257 244 251 283 308 277 274 304 231 239 231 213 217 183 184 244 21 21 21 21 21 241 298 274 21 243 304 400 603 549 439 400 394 403 426 416 364 346 346 358 363 384 412
40 -9999 -9999 30 30 0 -9999 -9999 -9999 -9999 -9999 -9999 -9999 -9999 0 55 91 91 95 122 171 259 242 287 433 388 21 21 21 21 21 122 130 180 244 320 379 481 617 640 488 304 225 222 213 239 243 304 244 244 213 194 186 177 165 21 21 21 21 183 210 185 21 21 21 21 21 243 305 412 425 609 463 426 414 411 420 395 366 363 354 366 415 486 485
486 369 21 41 60 36 7 -9999 -9999 -9999 -9999 -9999 -9999 -9999 -9999 11 52 96 118 110 125 152 183 244 257 252 241 247 151 183 21 61 118 184 244 237 329 426 484 549 412 292 231 191 188 221 182 209 386 182 176 21 21 21 21 21 178 199 209 203 252 231 222 222 224 229 236 233 303 357 426 471 478 457 487 555 484 426 394 367 391 389 418 454 555
244 48 33 22 43 43 12 -9999 -9999 -9999 -9999 -9999 -9999 -9999 -9999 8 30 89 101 124 106 129 157 163 243 246 244 300 305 182 21 122 114 158 183 211 247 340 317 356 364 270 234 191 147 146 159 175 178 21 21 21 126 130 155 168 187 229 199 227 244 222 222 224 222 222 234 258 288 360 410 492 739 611 548 501 523 436 421 401 402 389 397 423 425
79 90 47 35 13 11 -9999 -9999 -9999 -9999 -9999 -9999 -9999 -9999 -9999 15 25 29 41 109 101 102 118 143 242 366 175 176 278 287 21 21 138 137 156 188 223 226 264 263 305 403 164 149 136 127 135 21 21 21 115 122 137 153 169 191 205 214 235 235 233 237 227 225 251 261 262 273 299 365 448 483 655 618 582 516 517 478 461 415 410 400 404 418 422
122 90 46 26 9 -9999 -9999 -9999 -9999 -9999 -9999 -9999 -9999 -9999 1 12 25 32 38 52 94 88 104 120 157 183 245 123 97 21 21 21 73 110 137 304 201 210 213 211 148 136 130 122 114 21 21 21 122 124 138 142 139 158 170 183 219 212 211 218 224 244 245 263 277 281 288 334 426 572 470 561 548 586 561 544 546 609 488 483 458 418 411 409 418
183 122 52 27 13 -9999 -9999 -9999 -9999 -9999 -9999 -9999 -9999 2 4 16 27 35 38 42 52 69 86 74 101 117 135 122 21 21 21 21 21 21 73 244 276 231 159 123 114 21 21 21 21 21 102 127 130 144 157 173 159 156 177 187 194 207 208 226 234 254 260 316 304 344 349 361 421 547 639 621 713 631 609 568 598 731 849 504 466 426 418 426 456
168 90 122 43 13 -9999 -9999 -9999 -9999 -9999 -9999 1 5 5 6 12 20 35 41 46 52 55 61 59 75 21 21 21 21 37 21 21 122 21 21 21 21 21 21 21 21 21 88 94 120 283 153 124 124 132 149 171 172 177 181 191 197 205 220 234 244 273 279 323 359 526 391 391 431 711 631 705 803 922 665 609 620 759 861 660 565 455 434 435 448
363 244 115 122 44 36 3 -9999 -9999 -9999 0 5 10 10 15 19 23 26 37 39 42 45 48 52 21 21 40 52 61 68 61 69 115 257 118 21 21 70 76 107 120 121 113 98 147 159 303 152 124 124 136 153 179 195 182 194 208 213 225 239 256 304 313 365 373 447 501 488 473 538 605 670 785 896 727 631 640 677 671 590 546 457 527 456 457
350 274 161 113 150 92 40 -9999 -9999 -9999 -9999 1 5 16 20 24 27 27 26 27 33 30 32 21 21 30 38 47 57 64 74 83 125 366 183 104 92 117 120 127 227 148 153 145 130 173 216 180 189 143 131 154 186 272 234 210 219 243 271 440 368 430 333 344 422 524 609 548 554 539 670 670 757 792 791 671 660 694 640 564 542 485 487 487 487
