dem.asc
ncols         220
nrows         270
xllcorner     -116
yllcorner     30.5
cellsize      0.05
NODATA_value  -9999
[rows 0 to 37 of 270, columns 85 to 169 of 220]
1506 1531 1523 1531 1583 1628 1628 1646 1694 1676 1774 1800 1851 1909 2012 2130 2080 2286 2737 2687 2833 2135 2073 2254 2316 2583 2566 2632 2256 2256 2618 2576 2573 2721 2682 3231 2653 2653 3288 3046 3178 2620 2985 3174 2723 3290 2802 2816 3149 3595 3657 3173 2713 2260 2146 2091 2163 2050 1951 1891 1888 1781 1747 1646 1619 1584 1524 1521 1550 1479 1463 1402 1351 1361 1346 1341 1341 1341 1341 1399 1402 1445 1435 1406 1454
1482 1494 1513 1522 1565 1612 1646 1707 1701 1707 1771 1829 1837 1889 2100 2195 2255 2358 2819 2502 3231 2356 2073 2133 2257 2377 2346 2256 2598 2506 2464 2378 2956 3068 3048 3098 3048 2968 3371 2725 2620 2773 3109 3475 3365 3353 3321 3096 2917 3699 3495 2818 2560 2438 2206 2199 2256 2316 2038 1950 2005 1778 1708 1773 1647 1616 1613 1643 1614 1524 1495 1356 1341 1341 1341 1341 1341 1341 1341 1349 1366 1402 1443 1463 1511
1493 1495 1507 1533 1608 1674 1710 1733 1797 1829 1807 1829 1885 1950 2086 2315 2397 2710 2644 3048 2134 2073 2073 2087 2133 2102 2131 2377 2682 2377 2477 2316 2606 2606 2606 2835 2835 2863 3049 2926 2643 3238 3014 2900 3414 2858 2958 3461 3461 3233 2886 2833 2635 2743 2384 2438 2504 2414 2134 2089 2060 1829 1889 1684 1735 1588 1524 1518 1585 1524 1463 1402 1341 1341 1341 1341 1341 1341 1341 1341 1407 1366 1402 1412 1518
1492 1550 1573 1592 1694 1793 1742 1809 1928 1979 1829 1829 1889 1931 2039 2194 2331 2801 3107 3223 2674 2073 2073 2119 2073 2073 2092 2092 2134 2163 2201 2646 3011 2987 2709 3018 3201 3292 3277 2865 3292 3231 3536 2743 2670 3175 3322 3018 3401 3048 3459 2818 2836 2762 2975 2438 2348 2378 2190 2133 1862 1767 1738 1694 1586 1585 1524 1463 1410 1402 1392 1341 1402 1402 1402 1403 1451 1402 1341 1446 1417 1459 1402 1462 1480
1586 1604 1621 1646 1785 1842 1881 2128 2370 1957 1836 1829 1881 1889 1949 2116 2711 2760 2854 3353 2093 2101 2084 2073 2073 2139 2194 2253 2452 2500 2606 2884 2720 3013 2850 2864 2829 2895 2753 2753 2940 3323 2712 3532 2886 2644 2644 3231 3001 2880 3271 3048 3186 3391 2946 2624 2765 2348 2090 2021 2018 1951 1829 1743 1700 1631 1558 1521 1463 1439 1402 1341 1341 1341 1391 1391 1491 1402 1385 1352 1381 1464 1481 1568 1585
1585 1638 1651 1889 1914 1890 1968 2252 2357 2143 1882 1882 1829 1889 1890 1949 2317 2317 2847 3168 3059 2073 2073 2073 2154 2499 2558 2777 2911 2576 2559 2799 3000 2926 2805 2742 2649 2926 2561 2583 2987 3335 2865 2550 2644 2682 2871 2737 3098 2743 3353 2979 3167 2971 2804 2537 2256 2496 2159 1996 1829 1798 1709 1676 1633 1635 1725 1584 1471 1524 1435 1363 1341 1341 1341 1361 1404 1421 1455 1439 1412 1457 1457 1463 1578
1509 1585 1756 1848 1893 1889 1988 2071 2312 2484 2171 1922 1838 1889 1890 2103 2591 2760 2950 3215 2602 2073 2073 2098 2306 2634 2626 2458 2657 2560 2804 2786 2602 2625 2772 3027 2451 2850 2499 2384 2513 2743 2682 2417 2473 2900 2665 2579 2563 2743 3372 3244 2697 2729 2983 2632 2499 2153 2013 1919 1919 1807 1751 1707 1707 1646 1565 1508 1462 1403 1380 1400 1341 1400 1579 1524 1466 1466 1448 1498 1464 1520 1487 1517 1555
1519 1522 1584 1860 1946 1767 2266 1881 2252 2190 2195 2113 1845 1889 2045 2388 2562 2864 3102 2073 2073 2073 2073 2073 2134 2333 2458 2458 2499 2965 2743 2623 2632 2516 2743 2840 2740 2451 2451 2384 2466 2514 2427 2327 2592 2306 2296 2400 2377 2804 3292 3217 2804 2697 2758 2369 2454 2192 2256 2190 1951 2457 2399 1890 1891 1709 1646 1509 1564 1524 1463 1341 1495 1529 1645 1768 1585 1463 1458 1508 1585 1642 1585 1637 1659
1524 1583 1773 1767 1767 1767 1767 1829 2407 2014 1975 2179 1877 1917 2087 2382 2810 3212 2135 2073 2073 2073 2098 2073 2885 2910 2463 2458 2458 2502 2533 2502 2502 2575 2835 2783 2768 2695 2462 2298 2298 2245 2256 2245 2256 2255 2161 2194 2437 2649 2694 2824 2438 2567 2417 2318 2452 2012 2012 2524 2499 2779 2438 2256 1901 1890 1707 1646 1529 1646 1463 1357 1402 1639 1582 1583 1637 1768 1585 1642 1757 1951 1826 1768 1735
1741 1650 1773 1950 1767 1767 1768 1767 2161 1883 2256 2112 2182 2256 2492 2625 2804 2469 2073 2073 2073 2073 2184 2593 2663 3152 3154 2458 2727 2534 2502 2502 2702 2502 2597 2898 2967 2792 2839 2801 2594 2316 2226 2226 2445 2161 2193 2198 2195 2499 2621 2683 2378 2194 2187 2119 2012 2012 1916 1987 2098 2195 2431 2203 2193 1890 1741 1612 1585 2012 1789 1504 1777 1890 1892 2057 2055 1791 1804 1707 1868 2000 2081 2051 1878
1650 1777 1868 2012 2152 1832 1767 1767 1779 2316 2267 2319 2629 2160 2430 2379 2377 2073 2073 2073 2076 2584 2658 3048 2525 3231 2794 3248 2993 2887 2557 2561 2502 2849 2686 2621 2804 2860 2865 3170 2875 2820 2815 2256 2226 2135 2133 2239 2134 2156 2192 2172 2134 2038 2135 2118 2012 1904 1875 1890 1803 1796 1803 1828 2012 2174 1890 1830 1784 2142 2019 2042 1911 2091 2031 2188 2112 2051 1924 1827 1951 2005 2066 2044 2026
1651 1779 1806 1828 2065 2243 1951 1767 1785 1779 1779 2256 2495 2100 2672 2358 2541 2073 2073 2073 2073 2311 2133 2525 2987 3048 2676 2955 3123 3048 2942 2621 2667 2814 2775 2733 2742 2737 2797 3103 3172 2998 3152 3177 2794 2316 2034 2012 1964 1951 1950 2026 2086 2012 1965 2012 2016 1951 1888 1874 1829 1784 1784 1784 1784 1784 1784 1784 1784 1784 1898 1784 1784 1883 2134 1931 2055 2223 2134 2206 1888 1784 1918 2039 1992
1829 1907 1883 1851 1957 2276 1935 1951 2247 1851 1779 1779 1895 2741 2804 2263 2243 2316 2099 2073 2073 2073 2421 2134 2689 3021 2676 2743 3150 3216 2931 2934 2892 2789 2743 2182 1933 2148 2993 3209 3250 3520 3188 2794 3268 2941 2347 2256 2006 2012 1888 1975 2012 1890 1950 1882 1958 1890 1829 1812 1829 1784 1784 1784 1784 1784 1784 1784 1784 1784 1784 1784 1784 1784 1784 1784 1824 1784 1814 1940 1866 1784 1784 1784 1784
1829 1829 2009 2066 2067 1935 1981 2073 2134 2257 2160 1779 1991 2206 2177 2628 2517 2406 2102 2073 2377 2073 2240 2259 2576 2235 2235 2316 2580 2682 2979 2909 2987 2875 2618 1927 2743 2125 2125 3328 3011 3414 3554 3558 3235 2738 2282 2073 2058 2073 1931 1842 1798 1859 1873 1833 1873 1967 1885 1784 1784 1784 1784 1784 1784 1784 1784 1784 1784 1784 1784 1784 1784 1784 1784 1784 1784 1784 1784 1784 1784 1784 1784 1784 1784
1902 2073 1829 2012 2134 2185 1935 2316 2377 2077 2077 1799 1779 2008 2104 2531 2950 2594 2195 2073 2074 2277 2073 2215 2235 2235 2235 2245 2408 2377 2575 3242 2780 2804 2562 1927 2648 2811 2487 2378 3470 3515 3779 3559 2973 3083 2953 2467 2455 2128 2012 1951 1829 1798 1798 1784 1784 1784 1789 1784 1784 1784 1784 1784 1784 1784 1784 1784 1784 1784 1784 1784 1784 1784 1784 1784 1784 1784 1784 1784 1784 1784 1784 1784 1784
1902 1995 1930 1890 2111 1999 1951 2134 2418 2455 2278 2341 2195 1779 2134 2176 2635 2743 2310 2073 2334 2240 2073 2808 2438 2235 2235 2235 2235 2235 2531 2523 2793 2784 2612 1927 2683 3336 3109 2378 2853 3452 3505 3081 3353 2987 3011 2743 2560 2337 2073 2134 2012 1916 1819 1784 1784 1784 1784 1784 1784 1784 1784 1784 1784 1784 1784 1784 1784 1784 1784 1784 1784 1784 1784 1784 1784 1784 1784 1784 1784 1784 1784 1784 1784
1951 1951 2046 2027 1951 2073 1951 2220 2072 2024 2024 2090 1943 2012 1779 1779 2195 2329 2361 2441 2276 2073 2444 2134 2886 2294 2491 2286 2235 2235 2296 2261 2619 2438 1931 1923 2705 3314 3241 3391 3109 3413 3456 3901 3354 3511 3125 3225 2806 2716 2491 1926 1842 1819 1894 1832 1784 1809 1805 1784 1784 1784 1784 1784 1784 1784 1784 1784 1784 1784 1784 1784 1784 1784 1784 1784 1784 1784 1784 1784 1784 1784 1784 1784 1784
2082 1996 1978 2072 1951 1965 1950 1950 2209 2134 2024 2024 1943 2352 1890 1779 2151 2038 2038 2038 2073 2134 2792 2743 2956 2355 2348 2256 2235 2256 2255 2316 2435 1938 1923 2360 2454 2732 2621 3261 3231 3495 3820 3427 3321 3353 3292 3061 3079 2859 2608 2337 2287 2035 1951 1853 1827 1829 1784 1784 1784 1784 1784 1784 1784 1784 1784 1784 1784 1784 1784 1784 1784 1784 1784 1784 1784 1784 1784 1784 1784 1784 1784 1784 1784
2073 1995 2006 2008 2072 2066 1950 1950 2073 2713 2136 2085 2067 2224 1951 1779 2038 2316 2038 2170 2252 2131 2743 2717 2896 2496 2256 2292 2288 2256 2491 2438 2367 1923 2316 2355 2402 2621 2887 3061 2987 3131 3170 3296 3353 3448 3330 2964 2608 2608 3377 3109 2839 2149 1996 2004 1856 1829 1784 1784 1784 1784 1784 1784 1784 1784 1784 1784 1784 1784 1784 1784 1784 1784 1784 1784 1784 1784 1784 1784 1784 1784 1784 1796 1811
1951 1889 2181 1944 2041 1988 1950 1950 2014 2184 2251 2139 1890 1839 1779 1779 2301 2484 2513 2038 2453 2196 2621 2606 2609 2535 2645 2519 2499 2430 2350 2317 1832 1832 2316 2316 2377 2391 2566 2734 2409 2621 3231 3232 3717 3322 3109 3157 3414 3373 3408 2807 2779 2332 2128 2012 1829 1784 1784 1784 1784 1784 1784 1784 1784 1784 1784 1784 1784 1784 1784 1784 1784 1784 1784 1784 1784 1784 1784 1784 1784 1784 1784 1784 1807
1889 1889 1928 2006 1936 1950 2176 1950 2072 2049 2316 2171 2110 1889 1779 1810 2035 2820 2381 2073 2195 2195 2454 2733 2695 2720 2612 2499 2403 2417 2324 2352 1832 2311 2319 2290 2255 2304 2334 2355 2826 2983 3109 3016 3138 3193 3475 3170 3702 3260 2988 2779 2789 2650 2438 1939 1834 1784 1784 1784 1784 1784 1784 1784 1784 1784 1784 1784 1784 1784 1784 1784 1784 1784 1784 1784 1784 1784 1784 1784 1784 1784 1784 1827 1844
1889 1889 1889 1878 1880 1878 1950 2011 2030 2056 2072 2255 2096 2197 1829 1821 1889 2743 2507 3020 2301 2195 2584 2622 2560 2560 2560 2438 2350 2310 2281 2250 1816 1816 1877 2255 2232 2278 2297 2262 2459 2513 2903 2926 3109 3028 3231 3446 3353 3486 3271 3368 2810 2639 2624 2238 1842 1828 1831 1784 1784 1784 1784 1784 1784 1784 1784 1784 1784 1784 1784 1784 1784 1784 1784 1784 1784 1784 1784 1784 1793 1784 1824 1857 1889
2037 1889 1950 1878 1878 1886 1950 2072 2072 2255 2072 2225 2451 2255 2277 2079 1889 1895 2462 2629 2843 2195 2355 2348 2810 2601 2743 2435 2377 2316 2320 2316 2256 2216 1816 1816 2216 2188 2252 2253 2314 2426 2481 2868 2866 2895 2926 3130 3437 3414 3389 2987 2974 2926 2867 2621 2321 1889 1784 1784 1784 1784 1784 1784 1784 1784 1784 1784 1784 1784 1784 1784 1784 1784 1784 1784 1784 1784 1794 1839 1825 1786 1813 1889 1948
2032 1950 1950 1903 1878 1895 2009 2153 2011 2041 2133 2272 2377 2016 2142 1922 1890 2073 2195 2682 2511 2439 2256 2664 2621 2558 2458 2394 2358 2316 2296 2256 2225 2225 2228 1816 1816 2255 2195 2189 2194 2192 2255 2325 2377 2804 2987 3089 3087 3531 3181 3521 3390 3062 3138 2407 2150 2061 1917 1784 1784 1784 1784 1784 1784 1784 1784 1784 1784 1784 1784 1784 1904 1822 1788 1790 1784 1834 1829 1890 1848 1856 1895 1891 2012
1950 1947 1889 1920 1878 1954 1949 1949 2133 2214 2041 2320 2422 2022 2016 1890 1890 2012 2438 2865 2621 2442 2316 2896 2752 2621 2465 2438 2377 2316 2263 2256 2255 2215 2185 2182 1816 2316 2256 2253 2134 2134 2183 2255 2239 2743 2865 2983 3045 3032 3109 3454 3296 3109 2987 2749 3169 2734 2524 2203 1784 1828 1784 1784 1784 1828 1784 1784 1784 1784 1784 1784 1889 1892 1949 1930 1910 1950 1951 1932 1889 1892 2003 2011 2048
1769 1950 1866 1866 1869 2048 1950 1949 2194 2085 2275 2211 2375 2072 2075 1919 1890 2362 2226 2316 2949 2499 2488 3170 2843 2599 2561 2428 2438 2383 2377 2256 2184 2217 2164 1816 1816 2255 2256 2210 2163 2133 2143 2161 2188 2277 2597 2913 2944 2804 3047 3292 3719 3499 3164 2919 2757 2784 2523 2352 2133 2133 1824 1784 1784 1784 1876 1815 1784 1784 1784 1784 2194 2145 2132 2025 2124 2161 2072 2014 1908 2012 2101 2149 2194
1686 1765 1889 1866 1889 2072 2133 2137 2002 2061 2484 2416 2316 2072 2145 1890 1897 2415 2987 2903 2560 2560 3127 2796 2914 2499 2621 2499 2425 2320 2316 2278 2225 2171 2118 1816 1816 2236 2256 2168 2133 2175 2251 2195 2167 2194 2304 2640 2712 2712 2804 2987 3536 3316 3144 3109 3108 2696 2703 2779 2437 2194 1784 1784 1784 1784 1784 1784 1784 1784 1784 1826 2078 2138 2139 2103 2124 2133 2134 2121 2072 2074 2074 2072 2108
1706 1710 1942 1866 1866 1866 2133 2146 2279 2179 2198 2431 2621 2352 2194 2072 2199 1982 2256 2323 2743 2560 2969 3060 2622 2662 2455 2499 2316 2254 2188 2171 2171 2143 2120 2179 1816 2194 2133 2133 2139 2180 2194 2240 2190 2194 2247 2255 2377 2750 2743 2881 3170 3353 3304 3611 3327 3041 2865 2621 2279 2266 1890 1950 1983 1961 1980 1891 1784 1784 1828 2072 2071 2132 2060 2080 2054 2134 2093 2059 2071 2072 2034 2024 2008
1676 1696 1990 1880 1866 1866 1866 2011 2475 2266 2224 2391 2250 2312 2220 2133 2431 2125 2560 2706 2774 2811 2560 3191 3065 2823 2597 2455 2344 2332 2233 2177 2133 2127 2103 1816 1816 2133 2133 2133 2167 2200 2203 2219 2210 2190 2195 2230 2421 2572 2600 2569 2685 2827 2707 2917 3046 2934 2621 2600 2621 2499 2220 2121 2072 2011 2190 1828 1828 1888 2038 2011 2022 2008 2008 2008 2012 2073 2009 2011 1952 1992 1946 1978 1949
1645 1684 1900 2204 2078 1982 1866 1932 2254 2193 2132 2486 2250 2438 2435 2357 2497 2316 2370 2630 2585 2804 2621 3095 3048 2597 2660 2380 2316 2257 2195 2178 2124 1816 1816 1816 2072 2163 2255 2134 2194 2194 2226 2234 2198 2194 2194 2194 2252 2311 2438 2480 2540 2565 2560 2665 2836 2800 2683 2620 2487 2583 2377 2301 2141 2071 2072 2011 2068 2097 2047 2009 2008 2010 2017 2012 1953 1944 1951 1944 1933 1938 1920 1938 2005
1645 1645 1876 2281 2255 2178 1866 1866 1878 2071 2344 2438 2250 2442 2224 2253 2256 2215 2499 2556 2569 2873 2836 2597 2597 2651 2613 2563 2316 2316 2251 2200 2164 1816 2051 2136 2133 2122 2194 2173 2187 2195 2201 2205 2194 2146 2145 2146 2155 2194 2194 2381 2560 2520 2438 2448 2517 2584 2499 2516 2385 2378 2359 2349 2316 2268 2145 2122 2090 2038 2028 2070 2072 2011 2004 2004 1971 1962 1944 1945 1950 1920 1947 1920 1920
1645 1645 1950 2377 2499 2069 1941 1970 1866 2194 2450 2194 2255 2127 2196 2135 2316 2515 2215 2682 2721 2961 2828 2597 2743 2597 2819 2560 2514 2314 2195 2138 2134 1816 2133 2133 2187 2141 2134 2142 2173 2192 2144 2134 2136 2134 2133 2135 2188 2194 2167 2146 2194 2299 2319 2377 2377 2438 2439 2329 2325 2370 2255 2289 2234 2230 2200 2090 2194 2087 2072 2178 2133 2069 2030 2011 2052 2012 1993 2132 2012 1999 1950 1951 1946
1692 1645 1775 2184 2531 2233 2136 2072 1886 1866 1990 2481 2255 2133 1951 2005 2195 2258 2195 2456 2615 2615 3048 2806 2597 2748 2926 2621 2399 2308 2255 2258 1816 1816 2085 2133 2194 2196 2165 2162 2164 2135 2129 2113 2132 2134 2133 2133 2148 2173 2194 2146 2248 2194 2228 2195 2237 2307 2301 2296 2316 2256 2236 2236 2246 2276 2314 2255 2283 2119 2072 2129 2192 2282 2236 2368 2419 2298 2042 2156 2313 2134 2099 2012 2038
1645 1645 2013 2077 2393 2377 1901 1937 1866 1866 1890 2206 2086 2060 1894 2011 2113 2073 2195 2395 2621 2680 2865 2804 2743 2636 2780 2683 2438 2256 2256 1816 1816 2134 2195 2194 2193 2167 2154 2157 2134 2132 2095 2076 2050 2073 2095 2126 2121 2133 2128 2167 2138 2136 2228 2194 2194 2211 2256 2256 2256 2311 2358 2311 2315 2255 2255 2194 2194 2194 2136 2140 2140 2134 2185 2166 2195 2134 2097 2304 2682 2560 2384 2377 2113
1941 1730 2087 2407 2723 2207 1950 1866 1866 1866 1884 1950 2193 2004 1881 2070 2369 2236 2072 2377 2560 2556 2811 2806 2620 2560 2405 2328 2302 2563 2168 1816 2011 2199 2215 2195 2177 2189 2139 2133 2132 2094 2069 2042 2042 2054 2073 2072 2112 2074 2103 2103 2124 2133 2149 2149 2188 2255 2404 2359 2317 2316 2244 2225 2232 2194 2193 2148 2145 2136 2136 2234 2188 2190 2134 2120 2128 2133 2184 2190 2206 2378 2422 2377 2203
1611 1696 2236 2499 2423 2189 2072 1866 1866 1866 1866 1882 2002 1929 1881 2072 2195 2097 2071 2256 2541 2499 2686 2865 2464 2499 2553 2409 2195 2110 2074 1816 1816 2140 2194 2194 2195 2185 2133 2129 2094 2122 2052 2042 2042 2042 2058 2042 2067 2072 2086 2103 2106 2124 2158 2178 2215 2295 2358 2232 2220 2253 2208 2133 2127 2132 2133 2150 2164 2160 2163 2144 2194 2074 2079 2097 2133 2150 2194 2230 2251 2269 2322 2195 2134
1611 2130 2011 2499 2743 2316 1996 1866 1866 1866 1866 1866 1881 1881 1950 1929 2195 2049 2017 2451 2499 2568 2747 2682 2316 2438 2434 2316 2194 2132 2127 1816 1816 2133 2129 2131 2073 2132 2133 2133 2105 2101 2103 2067 2042 2042 2041 2042 2039 2062 2076 2103 2133 2211 2255 2275 2282 2284 2274 2194 2133 2133 2124 2114 2092 2071 2083 2108 2129 2067 2060 2061 2061 2060 2072 2096 2120 2134 2175 2162 2194 2257 2377 2316 2134
1645 1828 1958 2011 2499 2621 2316 2011 1866 1866 2252 2124 1881 2011 2109 1929 1939 1941 2146 2594 2316 2397 2560 2416 2362 2257 2460 2256 2135 2194 2073 1816 1816 2072 2083 2102 2073 2064 2114 2072 2068 2079 2103 2071 2042 2036 2024 2016 2019 2031 2044 2094 2134 2133 2256 2316 2235 2293 2265 2173 2129 2111 2102 2077 2072 2071 2063 2051 2054 2045 2042 2042 2041 2041 2072 2058 2103 2125 2113 2132 2164 2204 2221 2176 2232
