dem.asc
ncols         220
nrows         270
xllcorner     -116
yllcorner     30.5
cellsize      0.05
NODATA_value  -9999
[rows 228 to 265 of 270, columns 85 to 169 of 220]
558 487 487 499 511 528 538 548 557 572 667 718 792 897 1140 1190 1036 1096 1157 1274 1433 1387 1134 975 862 852 993 1110 1713 1752 1804 1463 1401 1344 1362 1388 1400 1462 1706 1921 1175 1180 1194 1116 1059 1018 1157 1422 1162 1097 1119 1673 1386 1264 1218 1232 1270 1294 1340 1340 1371 1408 1479 1560 1759 1866 2133 2133 1889 1750 1673 1645 1584 1581 1582 1582 1585 1583 1585 1674 1651 1647 1623 1585 1475
504 507 515 510 514 586 582 564 564 572 598 702 767 1001 1217 1158 1059 1096 1156 1559 1669 1471 1330 998 909 853 929 1064 1271 1874 1566 1465 1491 1403 1396 1362 1396 1441 1609 1855 1523 1400 1244 1170 1094 1037 1039 1068 1088 1148 1161 1547 1423 1279 1260 1270 1326 1310 1322 1340 1372 1413 1485 1529 1767 1836 1931 1889 1829 1767 1659 1631 1584 1523 1520 1510 1526 1556 1554 1585 1693 2079 1524 1463 1446
515 560 658 583 624 635 659 584 577 579 595 610 795 1039 1104 950 914 914 1219 1819 1889 1700 1336 1219 975 859 938 1064 1310 1334 1725 1523 1596 1417 1394 1340 1333 1382 1443 1631 1886 1625 1294 1215 1143 1086 1066 1039 1057 1089 1138 1277 1438 1423 1286 1292 1357 1307 1310 1326 1361 1405 1456 1524 1645 1908 1768 1828 1767 1702 1648 1593 1557 1524 1508 1478 1494 1463 1510 1561 1549 1643 1494 1455 1422
539 559 603 672 671 763 743 629 588 590 597 602 635 752 828 858 853 888 975 2239 2377 2072 1392 1390 1097 914 975 1107 1218 1203 1340 1728 1554 1670 1431 1348 1310 1337 1397 1467 1645 1520 1378 1218 1147 1096 1084 1066 1061 1086 1141 1239 1424 1551 1340 1301 1298 1298 1298 1298 1343 1384 1416 1482 1928 1883 1775 1704 1670 1663 1630 1584 1547 1516 1485 1452 1435 1449 1470 1489 1468 1449 1533 1382 1366
557 556 627 667 729 792 735 671 601 598 621 654 667 670 777 792 791 1408 1873 2011 2095 2177 1704 1181 1180 1104 943 1097 1158 1335 1402 1402 1766 2011 1723 1344 1310 1310 1324 1401 1402 1389 1315 1320 1139 1134 1110 1088 1078 1089 1147 1216 1372 1402 1584 1327 1298 1298 1298 1298 1298 1326 1313 1400 1505 1696 1731 1651 1645 1645 1579 1529 1520 1493 1475 1446 1426 1426 1429 1400 1389 1390 1401 1433 1330
575 572 598 665 704 771 875 670 644 630 643 676 949 677 688 748 812 952 1052 1459 1008 1246 1219 1219 1223 1097 1038 1000 1036 1219 1337 1303 1584 1899 1645 1583 1310 1310 1310 1310 1340 1340 1280 1280 1185 1156 1124 1106 1090 1078 1096 1142 1217 1452 1505 1460 1298 1298 1298 1298 1382 1298 1298 1322 1413 1523 1631 1534 1562 1548 1559 1515 1506 1523 1470 1446 1396 1390 1416 1370 1356 1349 1362 1328 1305
611 680 610 641 671 731 791 679 662 653 664 729 1278 860 735 710 732 792 853 792 822 840 1167 1248 1280 1533 1298 1096 1026 1096 1218 1406 1401 1572 1732 1468 1416 1310 1310 1310 1335 1550 1462 1545 1341 1178 1144 1148 1127 1110 1108 1110 1165 1275 1361 1400 1298 1298 1298 1302 1417 1397 1307 1310 1310 1363 1407 1461 1482 1505 1483 1479 1436 1405 1401 1391 1378 1370 1364 1340 1329 1305 1294 1287 1280
657 653 643 659 671 705 761 730 700 671 689 759 854 1001 792 724 728 764 792 792 792 822 914 1645 2219 2072 1632 1281 1036 1097 1218 1500 1401 1451 1531 1360 1330 1310 1310 1310 1310 1398 1706 1820 2011 1732 1210 1181 1161 1143 1121 1108 1127 1171 1218 1416 1315 1298 1298 1323 1401 1506 1400 1310 1310 1320 1381 1409 1449 1415 1406 1401 1396 1393 1371 1365 1356 1355 1341 1329 1305 1294 1287 1293 1274
703 725 711 695 693 698 789 922 891 731 706 709 761 960 837 782 745 764 806 822 890 1002 1740 1686 2264 1612 1430 1344 1270 1036 1255 1447 1400 1400 1408 1318 1310 1310 1310 1310 1310 1346 1475 1595 1677 1828 1280 1245 1213 1261 1223 1161 1127 1140 1200 1339 1335 1298 1298 1336 1402 1556 1410 1310 1310 1315 1340 1359 1372 1391 1380 1377 1371 1524 1339 1326 1325 1334 1339 1320 1297 1287 1292 1401 1278
964 752 732 732 728 779 791 853 792 790 725 739 749 771 792 763 770 785 831 872 876 913 1038 1039 1636 1612 1456 1661 1450 1165 1268 1403 1400 1581 1524 1458 1310 1310 1310 1310 1310 1344 1423 1524 1553 1576 1517 1755 1911 1390 1295 1216 1185 1140 1202 1352 1476 1298 1298 1340 1582 1485 1462 1402 1322 1340 1340 1342 1351 1362 1370 1371 1368 1341 1333 1316 1314 1308 1307 1309 1293 1302 1493 1645 1299
975 851 849 848 846 829 864 853 789 789 789 809 810 806 792 771 791 828 847 897 924 932 1072 1102 1311 1555 1364 1280 1165 1165 1165 1279 1472 1645 1524 1414 1340 1310 1310 1310 1310 1310 1392 1396 1414 1443 1487 1584 2040 1522 1460 1314 1290 1238 1197 1276 1361 1298 1298 1385 1462 1544 1463 1401 1351 1340 1340 1340 1340 1369 1401 1401 1377 1363 1341 1326 1303 1296 1294 1291 1283 1276 1504 1593 1340
889 866 886 953 917 880 878 853 825 853 870 924 913 1010 941 819 802 835 853 895 975 1002 1036 1092 1151 1185 1235 1165 1165 1165 1165 1216 1417 1467 1403 1415 1409 1310 1310 1310 1310 1310 1324 1379 1402 1434 1494 1573 1722 2106 1463 1340 1341 1280 1215 1253 1473 1307 1303 1338 1406 1458 1401 1365 1340 1471 1386 1371 1357 1379 1458 1461 1428 1453 1401 1376 1350 1301 1287 1282 1279 1269 1345 1333 1276
846 880 967 1034 1461 997 925 859 837 912 1203 1185 1156 1087 1012 844 838 838 868 923 975 1065 1045 1042 1153 1158 1192 1217 1165 1165 1165 1165 1308 1341 1422 1583 1501 1337 1310 1310 1310 1310 1319 1339 1399 1462 1531 1592 1635 2073 1551 1456 1365 1325 1273 1334 1447 1318 1316 1328 1372 1415 1363 1340 1343 1385 1435 1392 1371 1401 1471 1533 1494 1455 1449 1406 1356 1310 1299 1287 1275 1263 1261 1277 1242
836 898 1115 1581 1204 1034 950 857 922 1015 1142 1439 1252 1152 1046 950 851 861 914 975 1041 1402 1219 1267 1216 1199 1280 1323 1303 1165 1165 1165 1222 1386 1569 1685 1523 1441 1376 1311 1310 1339 1320 1336 1373 1470 1573 1711 1837 1926 1853 1655 1773 1370 1306 1273 1340 1369 1364 1355 1380 1402 1363 1340 1346 1403 1433 1402 1371 1378 1434 1438 1644 1534 1462 1460 1395 1343 1309 1325 1342 1315 1277 1234 1233
860 951 1099 1564 1236 1079 931 890 967 1069 1212 1585 1250 1219 1046 929 853 901 975 1204 1436 1526 1297 1447 1253 1402 1598 1595 1360 1218 1165 1165 1233 1328 1483 1768 1704 1464 1401 1351 1311 1310 1325 1345 1382 1492 1587 1705 1908 2297 2791 1858 1815 1385 1296 1273 1638 1589 1412 1370 1394 1577 1372 1340 1350 1417 1525 1401 1371 1398 1442 1412 1401 1481 1523 1435 1387 1351 1322 1387 1432 1375 1312 1248 1224
792 938 1093 1291 1325 1099 1001 914 975 1072 1152 1278 1145 1074 999 920 923 993 1197 1417 1613 1398 1341 1400 1402 1463 1706 2176 1698 1234 1166 1165 1220 1320 1375 1541 1837 1694 1463 1405 1317 1302 1351 1349 1415 1459 1645 1911 2207 2399 2532 2286 2043 1330 1273 1278 1825 1539 1500 1394 1407 1524 1514 1346 1340 1402 1707 1496 1371 1445 1584 1497 1419 1380 1456 1399 1362 1338 1291 1360 1372 1353 1290 1239 1227
804 857 1040 1722 1700 1144 1011 974 992 1036 1135 1160 1159 1035 936 920 974 1046 1120 1432 1634 1532 1463 1374 1378 1479 1690 1621 1403 1306 1173 1166 1248 1294 1340 1406 1555 1646 1564 1433 1359 1293 1320 1389 1408 1472 1564 1897 2177 1946 1958 1770 1831 1325 1274 1310 1650 1574 1463 1427 1434 1524 1499 1368 1340 1340 1452 1434 1344 1412 1455 1524 1457 1372 1378 1389 1415 1297 1291 1291 1320 1311 1265 1239 1229
792 853 948 1588 1648 1096 1024 974 989 1097 1126 1097 1023 981 920 981 1050 1158 1670 2392 1585 1498 1449 1398 1402 1514 1518 1464 1369 1305 1273 1170 1249 1310 1326 1391 1540 1603 1593 1424 1329 1274 1312 1359 1491 1484 1585 1950 1875 2012 1996 1697 1645 1318 1336 1483 1903 1726 1468 1444 1468 1570 1585 1465 1358 1340 1369 1381 1342 1501 1506 1445 1491 1371 1380 1517 1404 1292 1291 1309 1290 1290 1280 1242 1235
786 853 1143 1280 1125 1068 1009 1013 1034 1152 1105 1037 1073 1044 973 1137 1378 1790 2067 1921 1665 1559 1489 1460 1463 1484 1513 1450 1340 1297 1256 1308 1281 1386 1435 1402 1421 1470 1516 1374 1302 1263 1271 1346 1791 1658 1547 1694 1665 1828 1669 1492 1435 1337 1384 1594 1825 1659 1585 1525 1561 1666 1627 1503 1430 1340 1340 1388 1434 1336 1343 1355 1368 1306 1412 1497 1361 1291 1297 1331 1299 1316 1262 1243 1241
789 852 1059 1243 1153 1058 1070 1053 1277 1152 1090 1098 1157 1126 1020 986 1217 1583 1938 1534 1555 1463 1541 1525 1490 1443 1412 1345 1333 1309 1299 1256 1281 1290 1345 1369 1386 1397 1371 1333 1276 1248 1264 1334 1462 1673 1530 1633 1701 1504 1459 1426 1380 1358 1504 1826 1615 1565 1545 1545 1633 1769 1599 1499 1437 1352 1361 1841 1837 1404 1336 1291 1291 1291 1318 1631 1359 1291 1349 1347 1330 1308 1287 1245 1240
799 862 1097 1219 1127 1077 1098 1155 1099 1158 1173 1177 1269 1229 1036 1036 1157 1461 1519 1572 1402 1307 1600 1552 1560 1463 1457 1482 1401 1361 1331 1311 1273 1285 1344 1534 1440 1425 1405 1285 1251 1248 1276 1305 1398 1558 1654 1530 1821 1700 1431 1438 1398 1522 1576 1640 1626 1553 1545 1653 1707 1823 1858 1679 1434 1375 1378 1517 1711 1487 1401 1291 1291 1291 1292 1356 1714 1291 1302 1246 1242 1248 1248 1230 1231
799 866 944 1222 1129 1075 1175 1184 1234 1172 1174 1195 1457 1237 1097 1036 1400 1241 1347 1340 1291 1348 1675 1712 1593 1586 1578 1646 1884 1436 1379 1334 1293 1273 1347 1473 1646 1707 1466 1276 1245 1245 1256 1283 1311 1431 1481 1835 1521 1497 1349 1346 1418 1585 1585 1823 1611 1554 1583 1679 2193 1970 1753 1513 1416 1375 1375 1405 1469 1462 1410 1339 1291 1291 1291 1291 1291 1389 1399 1268 1244 1236 1230 1235 1222
814 839 936 1200 1102 1075 1090 1265 1246 1320 1311 1235 1317 1198 1158 1036 1158 1097 1168 1280 1620 1454 1506 1540 1688 1707 1716 2063 1924 1471 1400 1341 1320 1278 1325 1571 1900 1648 1441 1342 1241 1224 1237 1259 1286 1323 1420 1354 1326 1324 1352 1330 1367 1709 1706 1767 1656 1598 1574 1637 1997 1754 1607 1421 1390 1375 1381 1523 1475 1406 1360 1329 1299 1291 1291 1291 1291 1291 1455 1288 1248 1248 1243 1234 1222
842 852 888 993 1040 1052 1086 1299 1208 1369 1217 1386 1280 1463 1103 1097 1097 1097 1171 1390 1890 1659 1514 1524 1467 1696 1647 1771 1953 1885 1471 1389 1326 1279 1331 1444 1911 1572 1466 1395 1290 1225 1220 1243 1250 1282 1448 1619 1301 1289 1290 1290 1322 1484 1631 1695 1647 1582 1577 1630 1703 1620 1558 1460 1411 1388 1411 1459 1817 1462 1394 1341 1299 1291 1291 1291 1291 1291 1376 1563 1506 1261 1248 1247 1222
878 982 918 926 995 1006 1076 1167 1177 1123 1099 1158 1280 1409 1341 1221 1121 1218 1113 1193 1849 1750 1512 1498 1463 1547 1659 1646 1686 2082 2413 1402 1329 1284 1325 1345 1459 1485 1496 1707 1316 1281 1227 1199 1225 1262 1331 1402 1251 1197 1165 1214 1294 1414 1508 1503 1825 1590 1580 1584 1655 1616 1537 1461 1429 1448 1501 1476 1619 1494 1397 1342 1319 1292 1291 1291 1291 1291 1312 1376 1355 1287 1271 1255 1222
975 910 889 913 938 1020 1086 1090 1100 1099 1101 1200 1300 1508 1544 1227 1181 1219 1201 1183 1296 1646 1513 1435 1450 1499 1569 1596 1609 1674 1756 1579 1326 1349 1402 1400 1373 1432 1429 1353 1380 1299 1236 1199 1210 1254 1324 1437 1221 1169 1142 1184 1267 1344 1473 1532 1600 1596 1586 1585 1937 1671 1593 1515 1449 1433 1508 1525 1583 1444 1398 1413 1340 1298 1291 1291 1291 1299 1344 1437 1406 1364 1388 1299 1240
895 870 875 898 950 1043 1096 1023 992 912 1099 1198 1256 1432 1451 1398 1254 1339 1240 1189 1259 1410 1499 1397 1500 1689 1656 1511 1556 1602 1459 1399 1380 1421 1495 1487 1592 1497 1406 1390 1482 1344 1285 1199 1199 1259 1434 1459 1220 1152 1109 1135 1233 1290 1321 1417 1572 1699 1598 1990 2089 1794 1564 1498 1426 1435 1500 1631 1511 1498 1474 1463 1366 1323 1297 1291 1334 1334 1369 1394 1448 1446 1710 1348 1263
796 821 850 896 954 998 1135 1075 898 900 971 1012 1509 1400 1310 1302 1293 1448 1396 1300 1212 1299 1549 1397 1494 1729 1571 1501 1448 1456 1402 1380 1380 1470 1574 1749 1706 1551 1464 1498 1439 1494 1392 1297 1199 1260 1372 1446 1277 1143 1081 1159 1209 1245 1400 1508 1510 1510 1711 2197 1717 1799 1549 1487 1431 1410 1446 1494 1487 1450 1430 1417 1373 1367 1298 1291 1291 1310 1363 1436 1463 1426 1411 1300 1249
796 778 837 888 952 1078 1077 999 890 935 1046 1001 1001 1257 1360 1217 1228 1306 1777 1568 1288 1281 1402 1397 1668 1600 1599 1503 1500 1421 1380 1380 1393 1434 1562 1593 1597 1569 1498 1397 1361 1414 1464 1506 1201 1199 1331 1398 1216 1113 1057 1112 1106 1295 1901 1562 1520 1704 1869 1995 1813 1598 1522 1588 1423 1398 1431 1496 1496 1428 1389 1370 1361 1379 1298 1297 1292 1312 1363 1415 1533 1527 1556 1303 1238
757 784 1052 899 919 987 1075 1171 921 890 994 1115 1163 1525 1557 1401 1198 1200 1400 1506 1304 1294 1304 1365 1993 1596 1498 1513 1513 1454 1428 1397 1411 1447 1445 1533 1536 1475 1399 1362 1322 1336 1297 1234 1184 1120 1116 1138 1125 1068 1004 1094 1154 1282 1551 1900 1705 1703 2207 2001 1846 1514 1475 1991 1400 1397 1400 1498 1529 1425 1388 1357 1343 1367 1303 1306 1299 1296 1327 1386 1496 1686 1451 1298 1226
752 833 994 987 948 977 887 839 781 1096 1056 1102 1122 1392 1443 1404 1181 1095 1302 1314 1411 1400 1296 1386 1499 1302 1501 1697 1849 1567 1446 1398 1436 1495 1520 1699 1712 1553 1501 1403 1459 1279 1267 1193 1206 1788 1097 1097 1000 1000 1000 1092 1163 1248 1413 1993 1857 1812 2001 1799 1652 1588 1462 1602 1849 1396 1393 1433 1500 1399 1383 1366 1338 1317 1315 1311 1300 1296 1319 1374 1450 1547 1594 1372 1222
735 841 960 900 969 860 802 781 799 932 1094 1012 999 1156 1399 1599 1299 1080 1197 1372 1700 1309 1203 1197 1200 1218 1467 1664 1852 1609 1506 1447 1471 1502 1545 1687 1770 1802 1541 1561 1587 1341 1263 1226 1182 1234 1139 1320 1406 1000 1000 1017 1547 1288 2100 2070 2073 1902 2190 1795 1449 1436 1411 1570 1673 1395 1393 1412 1423 1398 1386 1462 1374 1320 1319 1323 1312 1296 1329 1354 1401 1518 1735 1545 1222
719 706 759 833 903 856 775 702 763 802 900 1020 973 1098 1498 1124 1303 1100 1080 1291 1600 1290 1266 1181 1193 1298 1499 2167 1919 1647 1541 1487 1495 1509 1589 1996 1905 1626 1496 1498 1676 1399 1301 1191 1139 1139 1139 1602 1196 1000 1000 1000 1127 1611 2002 2042 2137 1695 1538 1444 1434 1415 1400 1417 1406 1393 1393 1393 1399 1399 1399 1428 1391 1344 1398 1381 1504 1390 1363 1395 1425 1476 1556 1900 1342
598 673 704 751 765 698 698 701 723 805 966 850 901 969 1099 1303 1130 1231 1014 1206 1679 1610 1205 1109 1263 1597 1399 1718 1631 1592 1500 1432 1395 1425 1496 1766 2387 1963 1499 1363 1409 1424 1315 1176 1139 1153 1313 1392 1094 1000 1000 1000 1101 1800 2090 1513 1550 1800 1594 1439 1427 1416 1415 1398 1396 1393 1393 1393 1393 1393 1528 1398 1390 1400 1632 1596 1488 1398 1437 1500 1640 1586 1507 1470 1317
558 602 664 601 613 623 652 804 800 796 918 831 902 904 1123 1337 1287 1001 938 1098 1667 1270 1109 1141 1429 1702 1453 1424 1505 1351 1402 1521 1388 1397 1500 1658 1907 1800 1604 1319 1319 1319 1298 1148 1200 1278 1447 1200 1199 1002 1000 1000 1001 1181 2073 1503 1402 1598 1596 1456 1440 1427 1417 1409 1404 1396 1393 1403 1398 1393 1394 1390 1390 1390 1598 1599 1497 1432 1486 1897 1772 1642 1593 1602 1530
596 544 559 560 591 826 670 690 761 813 796 802 839 817 1000 1393 1274 977 902 1011 971 1076 1039 1396 1662 1698 1346 1309 1288 1288 1492 1578 1443 1307 1308 1315 1421 1378 1798 1398 1398 1364 1325 1239 1213 1438 1398 1403 1302 1096 1000 1000 1296 1024 1273 1404 1306 1596 1696 1613 1442 1431 1424 1420 1435 1427 1425 1421 1412 1408 1393 1392 1390 1394 1390 1422 1419 1415 1495 1665 2000 1718 1800 1497 1445
581 537 520 598 709 713 728 718 728 965 810 802 776 775 1176 1503 1219 865 844 903 1022 1039 1126 1227 1900 1628 1543 1288 1295 1400 1546 1501 1396 1402 1307 1231 1405 1254 1597 1484 1387 1330 1276 1217 1213 1397 1367 1306 1201 1099 1000 1000 1012 1012 1012 1182 1583 1933 1694 1510 1443 1493 1483 1473 1459 1450 1439 1437 1430 1427 1567 1507 1478 1428 1443 1400 1400 1403 1451 1539 1699 1706 1683 1523 1498
489 489 598 612 760 848 732 687 705 1002 976 798 746 793 802 900 937 812 970 924 1501 1095 1202 1504 2306 1580 1390 1293 1197 1197 1302 1412 1444 1400 1235 1151 1162 1204 1614 1626 1368 1321 1255 1227 1239 1342 1093 1300 997 1000 1001 1799 1485 1012 1012 1100 1678 2300 1709 1521 1606 1663 1594 1589 1496 1487 1508 1499 1475 1457 1512 1602 1535 1492 1470 1418 1400 1400 1432 1494 1543 1632 1620 1504 1501
